#################################### 
# Matrix Size= (550,55,150)
# Resol      = (100,1,1)
# VoxelSize  = (5.5,55,150)
# nbVal      = 100
#################################### 
1.771413355e-09
1.875954856e-09
1.960409358e-09
2.02482917e-09
2.050295763e-09
2.087112727e-09
2.152493173e-09
2.126340808e-09
2.16832325e-09
2.18517097e-09
2.117213967e-09
2.151214567e-09
2.147135005e-09
2.176463008e-09
2.212242446e-09
2.191587725e-09
2.222359052e-09
2.239476261e-09
2.270756737e-09
2.305795574e-09
2.275318611e-09
2.298264853e-09
2.33359852e-09
2.324748336e-09
2.32130893e-09
2.32306849e-09
2.344786263e-09
2.340213397e-09
2.371988401e-09
2.401225078e-09
2.374490911e-09
2.390098519e-09
2.39305438e-09
2.381720024e-09
2.394850107e-09
2.396148144e-09
2.422096927e-09
2.433578988e-09
2.451223166e-09
2.420873646e-09
2.445354357e-09
2.445450453e-09
2.474257629e-09
2.449745856e-09
2.447646022e-09
2.461185084e-09
2.454522992e-09
2.487647954e-09
2.488376396e-09
2.511388317e-09
2.481177021e-09
2.480300514e-09
2.500912332e-09
2.486303736e-09
2.504249802e-09
2.48762669e-09
2.466998546e-09
2.488286148e-09
2.435156644e-09
2.455288773e-09
2.441405048e-09
2.428865338e-09
2.444641878e-09
2.415481253e-09
2.423460913e-09
2.412568059e-09
2.407919259e-09
2.396747432e-09
2.374644977e-09
2.371381458e-09
2.385150035e-09
2.322966474e-09
2.332154182e-09
2.353660194e-09
2.332431501e-09
2.330619645e-09
2.288147171e-09
2.310110888e-09
2.281863603e-09
2.289081792e-09
2.238213313e-09
2.273129148e-09
2.23781989e-09
2.241447305e-09
2.209046394e-09
2.172787151e-09
2.171500837e-09
2.169554492e-09
2.138281403e-09
2.125301394e-09
2.17142186e-09
2.143770672e-09
2.12768604e-09
2.11370093e-09
2.092430427e-09
2.080569567e-09
1.993891112e-09
1.924468519e-09
1.865929844e-09
1.7199348e-09
