3.364066885e-10
3.814043146e-10
3.858309457e-10
4.087285863e-10
4.244153154e-10
4.237276247e-10
4.346780288e-10
4.439025276e-10
4.565555757e-10
4.463097432e-10
4.591396592e-10
4.66773107e-10
4.686236639e-10
4.761538758e-10
4.802063837e-10
4.941527183e-10
4.76213425e-10
4.986832636e-10
4.914687006e-10
5.029411908e-10
4.958244251e-10
4.978662284e-10
4.96259713e-10
5.092151991e-10
5.147328017e-10
5.286402626e-10
5.246807909e-10
5.405207446e-10
5.388017412e-10
5.669459703e-10
5.572711785e-10
5.801436647e-10
5.935301108e-10
6.339983095e-10
6.71225841e-10
7.117948457e-10
7.959137999e-10
8.696316448e-10
9.625427682e-10
1.049860889e-09
1.128952888e-09
1.19672844e-09
1.402205662e-09
2.102814848e-09
2.289216958e-09
2.342342858e-09
2.37788045e-09
2.403582825e-09
2.438473072e-09
2.408275569e-09
2.409410851e-09
2.412076967e-09
2.395362148e-09
2.360824514e-09
2.382928973e-09
2.307669599e-09
2.137305062e-09
1.41808824e-09
1.185360458e-09
1.107247492e-09
1.025258403e-09
9.474645087e-10
8.48690624e-10
7.724597498e-10
7.240598603e-10
6.734349582e-10
6.283340686e-10
5.994268217e-10
5.846639938e-10
5.429021093e-10
5.495902135e-10
5.340037545e-10
5.524815361e-10
5.250678542e-10
5.212294902e-10
5.188702831e-10
5.104383712e-10
5.124399822e-10
5.096576728e-10
5.096303783e-10
4.938693239e-10
5.040528789e-10
4.962450053e-10
4.723121142e-10
4.780394282e-10
4.824996354e-10
4.722255444e-10
4.609815539e-10
4.622218441e-10
4.551321805e-10
4.543628167e-10
4.45306474e-10
4.568628097e-10
4.342458994e-10
4.214820055e-10
4.150976093e-10
4.113634125e-10
3.834022372e-10
3.736924224e-10
3.378788377e-10
