#################################### 
# Matrix Size= (550,55,150)
# Resol      = (100,1,1)
# VoxelSize  = (5.5,55,150)
# nbVal      = 100
#################################### 
3.071556985e-11
3.275923152e-11
3.846335714e-11
4.077124129e-11
4.200891368e-11
4.269375162e-11
4.216552728e-11
4.890305462e-11
4.994529089e-11
4.458253114e-11
4.700852067e-11
4.758920306e-11
4.354625374e-11
4.70340536e-11
4.302930466e-11
4.446362273e-11
4.755830648e-11
4.900397943e-11
4.801251883e-11
4.436026546e-11
4.596957675e-11
5.067673656e-11
5.128030698e-11
4.446838208e-11
4.932988227e-11
5.6634709e-11
5.321700202e-11
5.791625751e-11
5.459542156e-11
5.488695961e-11
5.666990075e-11
5.96729444e-11
6.072890224e-11
5.801525241e-11
6.539532976e-11
7.231260829e-11
7.947221199e-11
8.634978105e-11
9.604530508e-11
1.014858387e-10
1.079869185e-10
1.161728131e-10
1.37069376e-10
2.124342401e-10
2.27910869e-10
2.346267621e-10
2.301584144e-10
2.453152821e-10
2.400980316e-10
2.379412137e-10
2.449532691e-10
2.350406447e-10
2.435825501e-10
2.406659e-10
2.402251144e-10
2.274806425e-10
2.104053912e-10
1.303157377e-10
1.254127396e-10
1.169850792e-10
1.075249454e-10
9.707653233e-11
8.812796896e-11
7.612423523e-11
7.037236407e-11
6.904681053e-11
6.349105732e-11
6.329386786e-11
6.156203016e-11
5.260116234e-11
5.983577498e-11
5.577098143e-11
5.326288864e-11
5.215136059e-11
5.405492034e-11
5.429274123e-11
5.061898221e-11
4.867269561e-11
4.941270372e-11
4.924008342e-11
4.846229127e-11
4.654303946e-11
4.939977107e-11
5.015633107e-11
4.278767965e-11
4.690592723e-11
4.875023359e-11
4.673218802e-11
4.339558657e-11
4.414382441e-11
4.682437808e-11
4.733833807e-11
4.712165946e-11
5.070982381e-11
4.563817812e-11
4.332028254e-11
4.186459704e-11
3.862162444e-11
3.555362464e-11
2.973192484e-11
