1.752337293e-09
1.895741846e-09
1.976871431e-09
2.062380289e-09
2.082140862e-09
2.121765418e-09
2.149593451e-09
2.158337045e-09
2.202128072e-09
2.228599976e-09
2.225791391e-09
2.237796006e-09
2.248584304e-09
2.296766874e-09
2.296737706e-09
2.302655741e-09
2.320856791e-09
2.323265552e-09
2.355646161e-09
2.358212571e-09
2.361918282e-09
2.350592156e-09
2.372926324e-09
2.361753619e-09
2.395499992e-09
2.384630844e-09
2.394632793e-09
2.425353297e-09
2.43804219e-09
2.420788383e-09
2.44494323e-09
2.467272489e-09
2.454202753e-09
2.499910539e-09
2.456377082e-09
2.461191068e-09
2.476290632e-09
2.444378576e-09
2.460993835e-09
2.478845986e-09
2.499005026e-09
2.483574809e-09
2.519654041e-09
2.517826496e-09
2.48703324e-09
2.497259002e-09
2.48901066e-09
2.503139483e-09
2.528434223e-09
2.490407481e-09
2.501882484e-09
2.491449245e-09
2.503250672e-09
2.4810299e-09
2.495997944e-09
2.494111384e-09
2.503673729e-09
2.480967634e-09
2.491958479e-09
2.494883802e-09
2.468873727e-09
2.474299799e-09
2.47714608e-09
2.494931275e-09
2.499072298e-09
2.488611102e-09
2.462552589e-09
2.438810469e-09
2.466698272e-09
2.440138149e-09
2.413299701e-09
2.417903721e-09
2.421812237e-09
2.41575347e-09
2.40264455e-09
2.392396378e-09
2.364654941e-09
2.386771676e-09
2.391269295e-09
2.364101216e-09
2.358725539e-09
2.330285585e-09
2.344811004e-09
2.293642474e-09
2.303115112e-09
2.296739765e-09
2.255994802e-09
2.263637749e-09
2.234821754e-09
2.216449645e-09
2.206370479e-09
2.210926107e-09
2.163719461e-09
2.127468639e-09
2.126823897e-09
2.061089527e-09
2.028450963e-09
1.960634183e-09
1.903570699e-09
1.790420448e-09
