1.716501267e-09
1.86665642e-09
1.92562322e-09
2.01146128e-09
2.046026311e-09
2.085859617e-09
2.084117443e-09
2.011821862e-09
1.974350834e-09
1.973800623e-09
2.010920554e-09
2.004960518e-09
2.037664831e-09
2.056702706e-09
2.06189801e-09
2.088042276e-09
2.066165427e-09
2.106838982e-09
2.1069697e-09
2.119385549e-09
2.168999976e-09
2.131959131e-09
2.138355011e-09
2.179279956e-09
2.155649977e-09
2.197236749e-09
2.20680574e-09
2.228450634e-09
2.273014509e-09
2.259818394e-09
2.269348733e-09
2.307665929e-09
2.308056612e-09
2.320083244e-09
2.338595998e-09
2.352543621e-09
2.37482452e-09
2.367578041e-09
2.385546069e-09
2.379470447e-09
2.380576836e-09
2.408483904e-09
2.435047841e-09
2.42704605e-09
2.4249646e-09
2.481735787e-09
2.438312542e-09
2.468452031e-09
2.459504401e-09
2.48369928e-09
2.47700276e-09
2.481906912e-09
2.474048201e-09
2.430964003e-09
2.409733062e-09
2.452542966e-09
2.460914454e-09
2.428675513e-09
2.426913769e-09
2.387549849e-09
2.393018074e-09
2.372843482e-09
2.361368756e-09
2.346254612e-09
2.362480989e-09
2.36701905e-09
2.321707029e-09
2.320441795e-09
2.293920348e-09
2.29930459e-09
2.272929139e-09
2.285920724e-09
2.259524311e-09
2.21581752e-09
2.200535403e-09
2.185607947e-09
2.164221599e-09
2.160126158e-09
2.164483193e-09
2.118784978e-09
2.129998563e-09
2.110677223e-09
2.095053342e-09
2.110234839e-09
2.074310671e-09
2.08132407e-09
2.058660348e-09
2.033443449e-09
2.00905176e-09
2.004116527e-09
1.990655056e-09
1.989073771e-09
2.035136172e-09
2.068202442e-09
2.061400424e-09
2.033552677e-09
1.978245622e-09
1.922947556e-09
1.84412808e-09
1.733235981e-09
