1.680349385e-09
1.83681124e-09
1.920852593e-09
1.995907572e-09
2.007745398e-09
2.040581392e-09
2.090987192e-09
2.113115554e-09
2.136649836e-09
2.140959624e-09
2.146589451e-09
2.180740173e-09
2.208340612e-09
2.202713907e-09
2.215415698e-09
2.221837536e-09
2.277201895e-09
2.259674723e-09
2.287586393e-09
2.30436615e-09
2.316902013e-09
2.320278727e-09
2.340106103e-09
2.329389737e-09
2.360563209e-09
2.36376979e-09
2.38022563e-09
2.385244837e-09
2.351577273e-09
2.390072183e-09
2.379893643e-09
2.395200389e-09
2.412675586e-09
2.450173241e-09
2.420884394e-09
2.43965324e-09
2.461956903e-09
2.444652511e-09
2.456616405e-09
2.456179018e-09
2.458838434e-09
2.439698706e-09
2.465286369e-09
2.470213474e-09
2.475411553e-09
2.490580434e-09
2.501597938e-09
2.465575919e-09
2.458788321e-09
2.47456467e-09
2.534056184e-09
2.46991928e-09
2.471903137e-09
2.480083452e-09
2.491745181e-09
2.459008922e-09
2.461068502e-09
2.443475565e-09
2.466103995e-09
2.462670192e-09
2.452275999e-09
2.444495776e-09
2.435771392e-09
2.459041967e-09
2.407271132e-09
2.454528693e-09
2.441761283e-09
2.42192633e-09
2.43244568e-09
2.379434077e-09
2.411120267e-09
2.363578784e-09
2.372572487e-09
2.348097739e-09
2.349316707e-09
2.372937273e-09
2.357762222e-09
2.309638272e-09
2.314921028e-09
2.312617273e-09
2.278096001e-09
2.273791115e-09
2.266811053e-09
2.270974756e-09
2.261951513e-09
2.205201686e-09
2.22057508e-09
2.215258709e-09
2.172556563e-09
2.153443356e-09
2.166724482e-09
2.12114647e-09
2.10544759e-09
2.094069225e-09
2.030104712e-09
1.982229701e-09
1.978166243e-09
1.919071034e-09
1.816059959e-09
1.688069234e-09
