1.671313237e-09
1.793061907e-09
1.872087161e-09
1.946323097e-09
1.991371558e-09
2.026016584e-09
2.072098071e-09
2.109819647e-09
2.109560615e-09
2.116361545e-09
2.178104077e-09
2.161889628e-09
2.171933158e-09
2.203514989e-09
2.214464855e-09
2.258596067e-09
2.260219416e-09
2.254094377e-09
2.250022617e-09
2.300507914e-09
2.305932501e-09
2.282602705e-09
2.309468727e-09
2.337689369e-09
2.339422969e-09
2.350559287e-09
2.365101952e-09
2.347185895e-09
2.363891919e-09
2.362185793e-09
2.391854062e-09
2.360401296e-09
2.406376124e-09
2.400581142e-09
2.440464062e-09
2.442150491e-09
2.469403235e-09
2.446518222e-09
2.464951604e-09
2.461048642e-09
2.477063849e-09
2.434836151e-09
2.467094279e-09
2.479174993e-09
2.484184553e-09
2.514316837e-09
2.488764928e-09
2.488366095e-09
2.469180416e-09
2.471968974e-09
2.510180804e-09
2.498412016e-09
2.4642631e-09
2.50790238e-09
2.48449879e-09
2.483852076e-09
2.492643023e-09
2.4634004e-09
2.466800715e-09
2.438352403e-09
2.463497644e-09
2.45059717e-09
2.463943977e-09
2.431108515e-09
2.437752564e-09
2.401594585e-09
2.412671111e-09
2.393034348e-09
2.376567788e-09
2.376371509e-09
2.388758974e-09
2.357994591e-09
2.366070062e-09
2.34097157e-09
2.336251185e-09
2.330934612e-09
2.31661438e-09
2.313933766e-09
2.305617146e-09
2.328004507e-09
2.297188435e-09
2.258209918e-09
2.250192833e-09
2.254593889e-09
2.215871655e-09
2.222679071e-09
2.194891926e-09
2.179549789e-09
2.162676773e-09
2.146402366e-09
2.160222019e-09
2.104292372e-09
2.101308367e-09
2.082940936e-09
2.051364389e-09
2.003096213e-09
1.963895809e-09
1.873086261e-09
1.775623799e-09
1.664035595e-09
