1.73655957e-09
1.889253244e-09
1.916265553e-09
2.019024032e-09
2.047922511e-09
2.063552734e-09
2.129284166e-09
2.147404925e-09
2.176490943e-09
2.176462028e-09
2.20921469e-09
2.216074016e-09
2.221879105e-09
2.227203376e-09
2.230091257e-09
2.278589168e-09
2.251892611e-09
2.191086764e-09
2.258960623e-09
2.277363912e-09
2.260106415e-09
2.300216961e-09
2.325229027e-09
2.309078757e-09
2.320833232e-09
2.337701929e-09
2.34277921e-09
2.347591723e-09
2.34797123e-09
2.366339731e-09
2.363983428e-09
2.399191146e-09
2.398892809e-09
2.401872827e-09
2.384122303e-09
2.422256793e-09
2.417581868e-09
2.415242095e-09
2.425467744e-09
2.456820416e-09
2.451602742e-09
2.438399278e-09
2.448853122e-09
2.46467312e-09
2.470150684e-09
2.455240666e-09
2.473958149e-09
2.497545698e-09
2.505305155e-09
2.492946819e-09
2.501793288e-09
2.48678632e-09
2.472058597e-09
2.489642021e-09
2.478112784e-09
2.466360597e-09
2.469187945e-09
2.445030877e-09
2.469991234e-09
2.447203344e-09
2.42523954e-09
2.427063972e-09
2.410857058e-09
2.431421056e-09
2.444503448e-09
2.410713901e-09
2.404024994e-09
2.389607938e-09
2.370383757e-09
2.356579678e-09
2.35040094e-09
2.354460976e-09
2.337092746e-09
2.317961921e-09
2.31251163e-09
2.311282975e-09
2.294536653e-09
2.298138248e-09
2.274473673e-09
2.25320075e-09
2.271397717e-09
2.247797247e-09
2.215405034e-09
2.262666124e-09
2.273099619e-09
2.286809713e-09
2.249328132e-09
2.271940062e-09
2.244518435e-09
2.216533499e-09
2.183524886e-09
2.152437963e-09
2.165521266e-09
2.117963461e-09
2.103266261e-09
2.055779081e-09
2.001890621e-09
1.915197452e-09
1.876389711e-09
1.751163417e-09
