1.72259568e-09
1.855813156e-09
1.922709946e-09
1.930627023e-09
1.992575208e-09
2.001659448e-09
2.02803098e-09
2.057163739e-09
2.090647608e-09
2.138439046e-09
2.17503767e-09
2.143211736e-09
2.161351574e-09
2.196285623e-09
2.203471818e-09
2.191008402e-09
2.255422269e-09
2.272678406e-09
2.252396809e-09
2.280754244e-09
2.312871973e-09
2.301298621e-09
2.325279115e-09
2.303278225e-09
2.328014819e-09
2.308925308e-09
2.344746701e-09
2.385835478e-09
2.382065818e-09
2.343117465e-09
2.377409591e-09
2.389772034e-09
2.40281833e-09
2.398580235e-09
2.39860361e-09
2.414592024e-09
2.404728304e-09
2.414215198e-09
2.451228407e-09
2.448022487e-09
2.446494001e-09
2.457133539e-09
2.47684588e-09
2.449820542e-09
2.449051677e-09
2.458417885e-09
2.472351765e-09
2.491919271e-09
2.455794155e-09
2.511366243e-09
2.527860662e-09
2.506585029e-09
2.503421119e-09
2.457921303e-09
2.470728052e-09
2.487813315e-09
2.472715783e-09
2.439331292e-09
2.458041052e-09
2.466092045e-09
2.471828958e-09
2.44845904e-09
2.409462163e-09
2.403705339e-09
2.428573881e-09
2.411644367e-09
2.390815579e-09
2.393400863e-09
2.400745227e-09
2.391302018e-09
2.362100015e-09
2.391733114e-09
2.347618741e-09
2.334908385e-09
2.330470617e-09
2.3588707e-09
2.351106194e-09
2.323312762e-09
2.304410429e-09
2.315523908e-09
2.284032191e-09
2.268251835e-09
2.236589827e-09
2.273803111e-09
2.244582685e-09
2.225205553e-09
2.19861626e-09
2.193189798e-09
2.185208715e-09
2.133043235e-09
2.118040584e-09
2.094859212e-09
2.08925446e-09
2.037228342e-09
1.994775297e-09
1.949353393e-09
1.953011581e-09
1.90969125e-09
1.871854032e-09
1.729987474e-09
